0 0.0109375 0.0125 0.021875 0.025
0 0.99375 0.00703125 0.0125 0.0140625
0 0.01171875 0.365625 0.0234375 0.05625
0 0.60859375 0.36328125 0.0140625 0.0171875
0 0.79296875 0.41640625 0.0046875 0.0078125
0 0.90703125 0.5796875 0.0015625 0.003125
0 0.9546875 0.58046875 0.003125 0.0015625
0 0.98515625 0.67578125 0.0296875 0.0859375
0 0.4421875 0.69765625 0.00625 0.0078125
0 0.99453125 0.74140625 0.0109375 0.0140625
0 0.59609375 0.84765625 0.0234375 0.0296875
0 0.61328125 0.88359375 0.0203125 0.0328125
0 0.1671875 0.92109375 0.015625 0.0296875
0 0.66875 0.94375 0.0375 0.03125
0 0.00859375 0.99140625 0.0171875 0.0171875
0 0.99296875 0.99375 0.0140625 0.0125
0 0.6921875 0.996875 0.00625 0.00625
