0 0.02109375 0.01328125 0.0421875 0.0265625
0 0.9859375 0.0109375 0.028125 0.021875
0 0.07578125 0.1953125 0.0234375 0.040625
0 0.2078125 0.30078125 0.03125 0.0296875
0 0.26640625 0.3046875 0.0328125 0.034375
0 0.03203125 0.31171875 0.0078125 0.0140625
0 0.49765625 0.3765625 0.0296875 0.046875
0 0.63828125 0.37421875 0.0203125 0.0421875
0 0.35703125 0.4515625 0.0078125 0.0125
0 0.7234375 0.51015625 0.0375 0.0203125
0 0.75859375 0.55 0.0265625 0.025
0 0.6578125 0.6015625 0.021875 0.046875
0 0.66328125 0.73984375 0.0203125 0.0453125
0 0.78203125 0.9921875 0.0453125 0.015625
0 0.0078125 0.99375 0.015625 0.0125
0 0.99375 0.9953125 0.0125 0.009375
